777777777777777777777777777777777777777777777777777777777777777777777777777777777777777777777777777777777777777777777733322444000000000000000000000000000000000000000000000000044422337777777777777777777777777777777777777777777777777777777777777777777777777777777777777777777777777777777777777777777777

777777777777777777777777777777777777777777777777777777777777777777777777777777777777777777777777777773324400000000000000000000000000000000000000000000000000000000000000000000000000000000000000004422377777777777777777777777777777777777777777777777777777777777777777777777777777777777777777777777777777

777777777777777777777777777777777777777777777777777777777777777777777777777777777777777773324000000000000000000000000000000000999527773353333335555555555555555555555377372599000000000000000000000000000000000442377777777777777777777777777777777777777777777777777777777777777777777777777777777777777777

777777777777777777777777777777777777777777777777777777777777777777777777777777773240000000000000000000000000957755555555555555555555553333333333355555555555555555555555555555555555333335333729000000000000000000000000004277777777777777777777777777777777777777777777777777777777777777777777777777777777

777777777777777777777777777777777777777777777777777777777777777777777777240000000000000000000000957555555555555555555555555555555555553333333333355555555555555555555555555555555555333333333333335555555375000000000000000000000042377777777777777777777777777777777777777777777777777777777777777777777777

777777777777777777777777777777777777777777777777777777777777777732400000000000000000009573535555555555555555555555555555555555555555553333333333355555555555555555555555555555555555333333333333335555555555555555557000000000000000000000437777777777777777777777777777777777777777777777777777777777777777

777777777777777777777777777777777777777777777777777777777734000000000000000000933555553333335555555555555555555555555555555555555555533333333333355555555555555555555555555555555555333333333333335555555555555555555555555575000000000000000000427777777777777777777777777777777777777777777777777777777777

777777777777777777777777777777777777777777777777777732400000000000000009755555555555553333335555555555555555555555555555555555555555533333063333355555555555555550555555555555555555333333333333355555555555555555555555555555555557500000000000000000427777777777777777777777777777777777777777777777777777

777777777777777777777777777777777777777777777773400000000000000005555555555555555532000953333355555555555555555555555555555555555555533333000333335555555555555100555555555555555555333333333333555555555555555555553000835555555555555555200000000000000000277777777777777777777777777777777777777777777777

777777777777777777777777777777777777777777340000000000000000555555555555555320000000003333333355555555555555555555555555555555555555533335000083335555555555550000655555555555555555333333333333555555555555555555555530000000002355555555555553800000000000000002777777777777777777777777777777777777777777

777777777777777777777777777777777777779400000000000000055555555555555500000000000000555533333355555555555555555555555555555555555555533331000000000000000000000000055555555555555555333333333335555555555555555555555555000000000000008355555555555530000000000000000477777777777777777777777777777777777777

777777777777777777777777777777777724000000000000005735555555555540000000000000000000555555555555555555555555555555555555555555555555333330000000000000000000000000065555555555555555333333333335555555555555555555555555500000000000000000002555555555555700000000000000047777777777777777777777777777777777

777777777777777777777777777777340000000000000055333555555530000000000000000000000005555555555555555555555555555555555555555555555555333310000000000000000000000000005555555555555555333333333335555555555555555555555555500000000000000000000000025555555555570000000000000002777777777777777777777777777777

777777777777777777777777777200000000000000933333333353200000000000000000000000000005555555555555555555555555555555555555555555555553333500000000000000000000000000006555555555555553333333333333555555555555555555555555500000000000000000000000000000355555555537000000000000000377777777777777777777777777

777777777777777777777777400000000000000233333333332000000000000000000000000000000000555555333333555555555555555555555555555555555533333000000000000000000000000000000555555555555553333333333333555555555555555555555555500000000000000000000000000000000033333333555500000000000000377777777777777777777777

777777777777777777777200000000000000733333333320000000000000000000000000000000000000655555333333355555555555555555555555555555555333331000000000000000000000000000000055555555555533333333333333555555555555555555555555000000000000000000000000000000000000003333333555500000000000000377777777777777777777

777777777777777777200000000000000333333333300000000000000000000000000000000000000000005553333333335555555555555555555555555555533333330000000000000000000000000000000005555555555533333333333333355555555555555555555510000000000000000000000000000000000000000002333335555500000000000000777777777777777777

777777777777777340000000000000533333333300000000000000000000000000000000000000000000000053333333333555555555555555555555555555333333300000000000000000000000000000000005555555555533333333333333335555555555555555553000000000000000000000000000000000000000000000002333555555000000000000007777777777777777

777777777777710000000000000035555555300000000000000000000000000000000000000000000000000000533333335555555555555555555555555553333333000000000000000000000000000000000000555555555533333333333333335555555555555555200000000000000000000000000000000000000000000000000003555555557000000000000097777777777777

777777777771000000000000095555555510000000000000000000000000000000000000000000000000000000000355555555555555555555555555555533333331000000000000000000000000000000000000055555555533333333333333333555555555555200000000000000000000000000000000000000000000000000000000005555555500000000000000677777777777

777777777300000000000009555555532000000000000000000000000000000000000000000000000000000000000000023555555555555555555555555533333310000000000000000000000000000000000000005555555553333333333333333555555530000000000000000000000000000000000000000000000000000000000000000055555555300000000000002777777777

777777774000000000000055553553000000000000000000000000000000000000000000000000000000000000000000000000000233555555555555554333240000000000000000000000000000000000000000000008233353333333333335332200000000000000000000000000000000000000000000000000000000000000000000000000555555550000000000000037777777

777777100000000000007555553520000000000000000000000000000000000000000000000000000000000000000000000000000000000000000000000000000000000000000000000000000000000000000000000000000000000000000000000000000000000000000000000000000000000000000000000000000000000000000000000000005555555500000000000008777777

777774000000000000055555553000000000000000000000000000000000000000000000000000000000000000000000000000000000000000000000000000000000000000000000000000000000000000000000000000000000000000000000000000000000000000000000000000000000000000000000000000000000000000000000000000000055555553000000000000077777

777700000000000005555555510000000000000000000000000000000000000000000000000000000000000000000000000000000000000000000000000000000000000000000000000000000000000000000000000000000000000000000000000000000000000000000000000000000000000000000000000000000000000000000000000000000005555555500000000000007777

777000000000000055555555000000000000000000000000000000000000000000000000000000000000000000000000000000000000000000000000000000000000000000000000000000000000000000000000000000000000000000000000000000000000000000000000000000000000000000000000000000000000000000000000000000000000555555550000000000000777

774000000000000555555550000000000000000000000000000000000000000000000000000000000000000000000000000000000000000000000000000000000000000000000000000000000000000000000000000000000000000000000000000000000000000000000000000000000000000000000000000000000000000000000000000000000000055555555000000000000077

710000000000000555555500000000000000000000000000000000000000000000000000000000000000000000000000000000000000000000000000000000000000000000000000000000000000000000000000000000000000000000000000000000000000000000000000000000000000000000000000000000000000000000000000000000000000005555555300000000000007

700000000000005555555300000000000000000000000000000000000000000000000000000000000000000000000000000000000000000000000000000000000000000000000000000000000000000000000000000000000000000000000000000000000000000000000000000000000000000000000000000000000000000000000000000000000000000555555510000000000007

100000000000005555555000000000000000000000000000000000000000000000000000000000000000000000000000000000000000000000000000000000000000000000000000000000000000000000000000000000000000000000000000000000000000000000000000000000000000000000000000000000000000000000000000000000000000000555555550000000000000

000000000000055555555000000000000000000000000000000000000000000000000000000000000000000000000000000000000000000000000000000000000000000000000000000000000000000000000000000000000000000000000000000000000000000000000000000000000000000000000000000000000000000000000000000000000000000655555550000000000000

000000000000055555550000000000000000000000000000000000000000000000000000000000000000000000000000000000000000000000000000000000000000000000000000000000000000000000000000000000000000000000000000000000000000000000000000000000000000000000000000000000000000000000000000000000000000000055555550000000000000

000000000000055555558000000000000000000000000000000000000000000000000000000000000000000000000000000000000000000000000000000000000000000000000000000000000000000000000000000000000000000000000000000000000000000000000000000000000000000000000000000000000000000000000000000000000000000055555550000000000000

100000000000055555555000000000000000000000000000000000000000000000000000000000000000000000000000000000000000000000000000000000000000000000000000000000000000000000000000000000000000000000000000000000000000000000000000000000000000000000000000000000000000000000000000000000000000000655555550000000000000

100000000000065555555000000000000000000000000000000000000000000000000000000000000000000000000000000000000000000000000000000000000000000000000000000000000000000000000000000000000000000000000000000000000000000000000000000000000000000000000000000000000000000000000000000000000000000555555530000000000006

700000000000005555555300000000000000000000000000000000000000000000000000000000000000000000000000000000000000000000000000000000000000000000000000000000000000000000000000000000000000000000000000000000000000000000000000000000000000000000000000000000000000000000000000000000000000000555555300000000000007

770000000000000555555500000000000000000000000000000000000000000000000000000000000000000000000000000000000000000000000000000000000000000000000000000000000000000000000000000000000000000000000000000000000000000000000000000000000000000000000000000000000000000000000000000000000000065555555100000000000067

771000000000000055555551000000000000000000000000000000000000000000000000000095559000000000000000000000000000000000000000000000000000000000000000000000000000000000000000000000000000000000000000000000000000000000000000000995599000000000000000000000000000000000000000000000000000055555553000000000000677

777100000000000005555555000000000000000000000000000000000000000000000055555555555555555500000000000000000000000000095559000000000000000000000000000000000000000000000000000000000000995599000000000000000000000000000755555555555555552000000000000000000000000000000000000000000006555555530000000000000777

777710000000000000555555550000000000000000000000000000000000000000055555555555555555555555500000000000000000053555555555555555700000000000000000000000000000000000000000000009755555555555555550000000000000000009555555555555555555555557000000000000000000000000000000000000000095555555100000000000067777

777777000000000000055555553700000000000000000000000000000000000095555555555555555555555555555300000000000053333355555555555555555570000000000000000000000000000000000000097555555555555555555555550000000000009355555555555555555555555555530000000000000000000000000000000000000355555550000000000000577777

777777710000000000000335555530000000000000000000000000000000000555555555555555555555555555555555000000002333333333555555555555555555570000000000000000000000000000000003555555555555555555555555555500000000555555555555555555555555555555555300000000000000000000000000000000055555555100000000000007777777

777777777000000000000083335555300000000000000000000000000000065555555555555555555555555555555555550000033333333333355555555555555555555500000000000000000000000000005333333555555555555555555555555553000055555555555555555555555555555555555530000000000000000000000000000005555555550000000000000977777777

777777777770000000000000333555555800000000000000000000000000655555555555555555555555555555555555555305333333333333355555555555555555555555000000000000000000000000233333333355555555555555555555555555500555555555555555555555555555555555555553000000000000000000000000000555555555000000000000067777777777

777777777777700000000000008555555557000000000000000000000000555555555555555555555555555555555555555555333333333333335555555555555555555555550000000000000000000055555333333333333555555555555555555555555555555555555555555555555555555555555555000000000000000000000000055555555300000000000006777777777777

777777777777777000000000000005555555555000000000000000000000555555555555555555555555555555555555555555553333333333333555555555555555555555555300000000000000000355555333333333333355555555555555555555555555555555555555555555555555555555555555500000000000000000000075555555510000000000000577777777777777

777777777777777779000000000000025555555550000000000000000005555555555555555555555555555555555555555555555533333333333555555555555555555555555550000000000000075555555333333333333335555555555555555555555555555555555555555555555555555555555555500000000000000000055555555530000000000000077777777777777777

777777777777777777770000000000000035555555552000000000000005555555555555555555555555555555555555555555555555533333333355555555555555555555555555000000000000555555555333333333333333555333355555555555555555555555555555555555555555555555555555500000000000000075555555550000000000000057777777777777777777

777777777777777777777710000000000000055555555553000000000005335555555555555555555555555555555555555555555555553333335555555555555555555555555555530000000065555555555333333333333333333333333555555555555555555555555555555555555555555555555555500000000000555555555530000000000000007777777777777777777777

777777777777777777777777710000000000000085555555555700000006555555555555555555555555555555555555555555555555555555555555555555555555555555555555553000000055555555555533333333333333333333333555555555555555555555555555555555555555555555555555500000005355555555530000000000000007777777777777777777777777

777777777777777777777777777770000000000000005555555555555000555555555555555555555555555555555555555555555555555555555555555555555555555555555555555300006555555555555555333333333333333333333355555555555555555555555555555555555555555555555555000053333355555320000000000000057777777777777777777777777777

777777777777777777777777777777771000000000000000555555555553755555555555555555555555555555555555555555555555555555555555555555555555555555555555555510005555555555555555553333333333333333355555555555555555555555555555555555555555555555555555755533333333200000000000000077777777777777777777777777777777

777777777777777777777777777777777777100000000000000025555555555555555555555555555555555555555555555555555555555555555555555555555555555555555555555550035555555555555555555555555555555555555555555555555555555555555555555555555555555555555555555555330000000000000000777777777777777777777777777777777777

777777777777777777777777777777777777777710000000000000000555555555555555555555555555555555555555555555555555555555555555555555555533333335555555555553055555555555555555555555555555555555555555555555555555555555555555555555555555555555555555553200000000000000007777777777777777777777777777777777777777

777777777777777777777777777777777777777777777500000000000000002555555555555555555555555555555555555555555555555555555555555555533333333333333555555555555555555555555555555555555555555555555555555555555555555555555555555555555555555555555500000000000000000777777777777777777777777777777777777777777777

777777777777777777777777777777777777777777777777775000000000000000002555555555555555555555555555555555555555555555555555555555333333333333333333555555555555555555555555555555555555555555555555555555555555555555555555555555555555555520000000000000000077777777777777777777777777777777777777777777777777

777777777777777777777777777777777777777777777777777777719000000000000000008335555555555555555555555555555555555555555555555555553333333333333333335555555555555555555555555555555555555555555555555555555555555555555555555555555200000000000000000097777777777777777777777777777777777777777777777777777777

777777777777777777777777777777777777777777777777777777777777719000000000000000000023555555555555555555555555555555555555555555555533333333333333335555555555555555555555555555555555555555555555555555555555555555555555532000000000000000000097777777777777777777777777777777777777777777777777777777777777

777777777777777777777777777777777777777777777777777777777777777777771900000000000000000000833555555555555555555555555555555555555555333333333333355555555555555555555555555555555555555555555555555555555555555332000000000000000000000977777777777777777777777777777777777777777777777777777777777777777777

777777777777777777777777777777777777777777777777777777777777777777777777777719000000000000000000000002335555555555555555555555555555555333333333555555555555555555555555555555555555555555555555555543220000000000000000000000097777777777777777777777777777777777777777777777777777777777777777777777777777

777777777777777777777777777777777777777777777777777777777777777777777777777777777777719000000000000000000000000000082555555555555555555555555555555555555555555555555555555555555555533322000000000000000000000000000097777777777777777777777777777777777777777777777777777777777777777777777777777777777777

777777777777777777777777777777777777777777777777777777777777777777777777777777777777777777777777590000000000000000000000000000000000000000000000000000000000000000000000000000000000000000000000000000000009777777777777777777777777777777777777777777777777777777777777777777777777777777777777777777777777

777777777777777777777777777777777777777777777777777777777777777777777777777777777777777777777777777777777777771900000000000000000000000000000000000000000000000000000000000000000000000000000977777777777777777777777777777777777777777777777777777777777777777777777777777777777777777777777777777777777777

777777777777777777777777777777777777777777777777777777777777777777777777777777777777777777777777777777777777777777777777777777777777777111599999000000000000099959911777777777777777777777777777777777777777777777777777777777777777777777777777777777777777777777777777777777777777777777777777777777777777

777777777777777777777777777777777777777777777777777777777777777777777777777777777777777777777777777777777777777777777777777777777777777777777777777777777777777777777777777777777777777777777777777777777777777777777777777777777777777777777777777777777777777777777777777777777777777777777777777777777777

777777777777777777777777777777777777777777777777777777777777777777777777777777777777777777777777777777777777777777777777777777777777777777777777777777777777777777777777777777777777777777777777777777777777777777777777777777777777777777777777777777777777777777777777777777777777777777777777777777777777

777777777777777777777777777777777777777777777777777777777777777777777777777777777777777777777777777777777777777777777777777777777777777777777777777777777777777777777777777777777777777777777777777777777777777777777777777777777777777777777777777777777777777777777777777777777777777777777777777777777777

777777777777777777777777777777777777777777777777777777777777777777777777777777777777777777777777777777777777777777777777777777777777777777777777777777777777777777777777777777777777777777777777777777777777777777777777777777777777777777777777777777777777777777777777777777777777777777777777777777777777

777777777777777777777777777777777777777777777777777777777777777777777777777777777777777777777777777777777777777777777777777777777777777777777777777777777777777777777777777777777777777777777777777777777777777777777777777777777777777777777777777777777777777777777777777777777777777777777777777777777777

777777777777777777777777777777777777777777777777777777777777777777777777777777777777777777777777777777777777777777777777777777777777777777777777777777777777777777777777777777777777777777777777777777777777777777777777777777777777777777777777777777777777777777777777777777777777777777777777777777777777

777777777777777777777777777777777777777777777777777777777777777777777777777777777777777777777777777777777777777777777777777777777777777777777777777777777777777777777777777777777777777777777777777777777777777777777777777777777777777777777777777777777777777777777777777777777777777777777777777777777777

777777777777777777777777777777777777777777777777777777777777777777777777777777777777777777777777777777777777777777777777777777777777777777777777777777777777777777777777777777777777777777777777777777777777777777777777777777777777777777777777777777777777777777777777777777777777777777777777777777777777

777777777777777777777777777777777777777777777777777777777777777777777777777777777777777777777777777777777777777777777777777777777777777777777777777777777777777777777777777777777777777777777777777777777777777777777777777777777777777777777777777777777777777777777777777777777777777777777777777777777777

777777777777777777777777777777777777777777777777777777777777777777777777777777777777777777777777777777777777777777777777777777777777777777777777777777777777777777777777777777777777777777777777777777777777777777777777777777777777777777777777777777777777777777777777777777777777777777777777777777777777

777777777777777777777777777777777777777777777777777777777777777777777777777777777777777777777777777777777777777777777777777777777777777777777777777777777777777777777777777777777777777777777777777777777777777777777777777777777777777777777777777777777777777777777777777777777777777777777777777777777777

777777777777777777777777777777777777777777777777777777777777777777777777777777777777777777777777777777777777777777777777777777777777777777777777777777777777777777777777777777777777777777777777777777777777777777777777777777777777777777777777777777777777777777777777777777777777777777777777777777777777

777777777777777777777777777777777777777777777777777777777777777777777777777777777777777777777777777777777777777777777777777777777777777777777777777777777777777777777777777777777777777777777777777777777777777777777777777777777777777777777777777777777777777777777777777777777777777777777777777777777777

777777777777777777777777777777777777777777777777777777777777777777777777777777777777777777777777777777777777777777777777777777777777777777777777777777777777777777777777777777777777777777777777777777777777777777777777777777777777777777777777777777777777777777777777777777777777777777777777777777777777

