                          088000008996455555555544699800000000                          
                   08880994531777777777777777777777777777773549800000                   
              888896537777777777777777777777777777777777777777777715680000              
          88889437777729577777777777777714777753777777777777777595777773490000          
       88889577772900000777777777777777760000009777777777777777700000857777590000       
     988857777680000000057777777777777770000000037777777777777750000000009377758000     
   8808577748000000000000877777777777779000000008777777777777790000000000000677728000   
  800977740000000000000000000977777777600000000009177777774900000000000000000097776000  
 80097770000000000000000000000000000000000000000000000000000000000000000000000001776000 
0008777000000000000000000000000000000000000000000000000000000000000000000000000007779000
0006775000000000000000000000000000000000000000000000000000000000000000000000000004774000
0006775000000000000000000000000000000000000000000000000000000000000000000000000004774000
0008777000000000000000000000000000000000000000000000000000000000000000000000000007779000
 000977700000000000277777738000877777900000000000097777790000377777730000000000037740000
  0009777900000009777777777710777777777790000008777777777783777777777760000000977740000 
   0008277760000077777777777777777777777730000277777777777777777777777700000977739000   
     000857773908777777777777777777777777718837777777777777777777777777809377759000     
       00009277777777777777777777777777777733777777777777777777777777777777368000       
          00009517777777777777777777777777777777777777777777777777777777598000          
              000086277777777777777777777777777777777777777777777773490000              
                   00000965317777777777777777777777777777777356980000                   
                          000000008964455555555555469980000000                          
